Iteration 1: [43, 88, 29, 85, 75, 83, 18, 59, 38, 29],
Iteration 2: [43, 29, 88, 85, 75, 83, 18, 59, 38, 29],
Iteration 3: [43, 29, 85, 88, 75, 83, 18, 59, 38, 29],
Iteration 4: [43, 29, 85, 75, 88, 83, 18, 59, 38, 29],
Iteration 5: [43, 29, 85, 75, 83, 88, 18, 59, 38, 29],
Iteration 6: [43, 29, 85, 75, 83, 18, 88, 59, 38, 29],
Iteration 7: [43, 29, 85, 75, 83, 18, 59, 88, 38, 29],
Iteration 8: [43, 29, 85, 75, 83, 18, 59, 38, 88, 29],
Iteration 9: [43, 29, 85, 75, 83, 18, 59, 38, 29, 88],
Iteration 10: [29, 43, 85, 75, 83, 18, 59, 38, 29, 88],
Iteration 11: [29, 43, 75, 85, 83, 18, 59, 38, 29, 88],
Iteration 12: [29, 43, 75, 83, 85, 18, 59, 38, 29, 88],
Iteration 13: [29, 43, 75, 83, 18, 85, 59, 38, 29, 88],
Iteration 14: [29, 43, 75, 83, 18, 59, 85, 38, 29, 88],
Iteration 15: [29, 43, 75, 83, 18, 59, 38, 85, 29, 88],
Iteration 16: [29, 43, 75, 83, 18, 59, 38, 29, 85, 88],
Iteration 17: [29, 43, 75, 18, 83, 59, 38, 29, 85, 88],
Iteration 18: [29, 43, 75, 18, 59, 83, 38, 29, 85, 88],
Iteration 19: [29, 43, 75, 18, 59, 38, 83, 29, 85, 88],
Iteration 20: [29, 43, 75, 18, 59, 38, 29, 83, 85, 88],
Iteration 21: [29, 43, 18, 75, 59, 38, 29, 83, 85, 88],
Iteration 22: [29, 43, 18, 59, 75, 38, 29, 83, 85, 88],
Iteration 23: [29, 43, 18, 59, 38, 75, 29, 83, 85, 88],
Iteration 24: [29, 43, 18, 59, 38, 29, 75, 83, 85, 88],
Iteration 25: [29, 18, 43, 59, 38, 29, 75, 83, 85, 88],
Iteration 26: [29, 18, 43, 38, 59, 29, 75, 83, 85, 88],
Iteration 27: [29, 18, 43, 38, 29, 59, 75, 83, 85, 88],
Iteration 28: [18, 29, 43, 38, 29, 59, 75, 83, 85, 88],
Iteration 29: [18, 29, 38, 43, 29, 59, 75, 83, 85, 88],
Iteration 30: [18, 29, 38, 29, 43, 59, 75, 83, 85, 88],
Iteration 31: [18, 29, 29, 38, 43, 59, 75, 83, 85, 88],